18
0 96.816941408	-43.740509603	159.109219008	-9.142175977	0.02	0.32	Australia
1 150.5		-34.1		151.4		-33.5500	0.02	0.32	Inner Sydney
1 149.971885984	-34.3312368315	151.630547008	-32.9960692245	0.02	0.32	Greater Sydney
1 140.999474528	-37.505059998	159.109219008 	-28.157019914	0.02	0.32	New South Wales
2 144.333611296	-38.5029880155	145.878412	-37.175098993	0.02	0.32	Greater Melbourne
2 140.961681984	-39.1591895275	149.976679008	-33.9804255865	0.02	0.52	Victoria
3 152.073392768	-28.363962912	153.546707552	-26.4519227365	0.02	0.32	Greater Brisbane
3 137.99595744	-29.1778976995	153.552171232	-9.142175977	0.02	0.32	Queensland
4 138.436150208	-35.35029603	139.044030112	-34.5002253035	0.02	0.32	Greater Adelaide
4 129.001336992	-38.0626029895	141.002955616	-25.9961464875	0.02	0.32	South Australia
5 115.44947344	-32.8018833455	116.415125056	-31.4551288185	0.02	0.32	Greater Perth
5 112.921113952	-35.134846436	129.001930016	-13.689492035	0.02	0.32	Western Australia
6 147.026660832	-43.121295067	147.93688544	-42.655375527	0.02	0.32	Greater Hobart
6 143.81892272	-43.740509603	148.4986736	-39.203661659	0.02	0.32	Tasmania
7 130.815116992	-12.861890576	131.396727232	-12.0009610525	0.02	0.32	Greater Darwin
7 129.000439712	-25.9994823335	138.001197856	-10.965914265	0.02	0.32	Northern Territory
8 148.762674816	-35.920762215	149.3992872	-35.1245172755	0.02	0.32	Australian Capital Territory
8 148.960000000	-35.500000000	149.230000000	-35.1245172755	0.02	0.32	Canberra
