18
0 104.0		-44.5		155		-8.6		0.02	0.32	0.8 1.0 Australia
1 150.5		-34.1		151.4		-33.5500	0.02	0.32	1.0 1.0 Inner Sydney
1 149.971885984	-34.3312368315	151.630547008	-32.9960692245	0.02	0.32	1.0 1.0 Greater Sydney
1 137.65	-37.6		155		-28.0		0.02	0.32	1.0 1.0 New South Wales
2 144.333611296	-38.5029880155	145.878412	-37.175098993	0.02	0.32	1.0 1.0 Greater Melbourne
2 138.55 	-39.3		150.9		-33.6		0.02	0.32	1.0 1.0 Victoria
3 152.073392768	-28.363962912	153.546707552	-26.4519227365	0.02	0.32	1.0 1.0 Greater Brisbane
3 137.8         -29.3           155.2           -9.1            0.82    1.085   1.01 0.295 Queensland
4 138.436150208	-35.35029603	139.044030112	-34.5002253035	0.02	0.32	1.0 1.0 Greater Adelaide
4 129.001336992	-38.0626029895	141.002955616	-25.9961464875	0.02	0.32	1.0 1.0 South Australia
5 115.44947344	-32.8018833455	116.415125056	-31.4551288185	0.02	0.32	1.0 1.0 Greater Perth
5 111.6 	-35.4		129.001930016	-13.3		0.02	0.32	1.0 1.0 Western Australia
6 147.026660832	-43.121295067	147.93688544	-42.655375527	0.02	0.32	1.0 1.0 Greater Hobart
6 143.81892272	-43.740509603	148.4986736	-39.203661659	0.02	0.32	1.0 1.0 Tasmania
7 130.815116992	-12.861890576	131.396727232	-12.0009610525	0.02	0.32	1.0 1.0 Greater Darwin
7 129.000439712	-25.9994823335	138.001197856	-10.965914265	0.02	0.32	1.0 1.0 Northern Territory
8 148.762674816	-35.920762215	149.3992872	-35.1245172755	0.02	0.32	1.0 1.0 Australian Capital Territory
8 148.960000000	-35.500000000	149.230000000	-35.1245172755	0.02	0.32	1.0 1.0 Canberra
